,blade,gearbox,generator,yaw_system,pitch_system,brake_system,lubrication,electrical_system,frequency_converter,Dmin
0,41149.34498257939,11.33263227276432,75998.12110622706,65069.4267044662,83884.78214356738,99469.59315034878,65999.62882103487,34997.93132391497,37301.0974313808,11.33263227276432
1,42356.770405069095,13.05533077943861,75998.64726138291,65484.40019400285,84806.28631216435,32404.65318349214,65998.75682852449,34995.753197178965,12151.744943809554,13.05533077943861
2,41925.33001084236,12.072183409277608,75999.62462730691,65334.800848776664,84477.01204447396,48551.475417537265,65998.2245767242,34998.77804579461,18206.803281576475,12.072183409277608
3,41307.02367960618,11.421940235869403,75997.01235099498,64694.69833164014,84005.12214461649,273863.9326835237,65999.44489781295,34997.169222148994,102698.97475632139,11.421940235869403
4,41457.24479068736,11.529239741962757,75999.4081621345,65461.668913118476,84119.77053406909,34457.887406350485,65998.18542270738,34996.49899867005,12921.70777738143,11.529239741962757
5,42003.19276184883,12.205792691007648,75996.43049850523,65161.239554554406,84536.43670813802,77610.99947105927,65999.49396992785,34999.14586110257,29104.124801647227,12.205792691007648
6,41626.96328775319,11.683637081613991,75999.42262127947,64881.680633835276,84249.29928145267,165219.32166807476,65996.92484896694,34999.42766749091,61957.245625528034,11.683637081613991
7,42162.86343561296,12.534136626286799,75999.89813464803,65258.80457591311,84658.29698102588,59621.718734628244,65999.48301574944,34999.237413263465,22358.144525485593,12.534136626286799
8,42205.140362291604,12.635148895754702,75998.70038036694,65391.19317750855,84690.56262944125,41687.98195093068,65999.14794292285,34998.71658401675,15632.993231599006,12.635148895754702
9,40768.02601563042,11.187147273155626,75997.36581925445,65411.65294120308,83593.7604282187,39445.35222451365,65999.20277273835,34999.30699603966,14792.007084192617,11.187147273155626
10,41896.026936717826,12.025827332042498,75999.08845808553,66808.32419741839,84454.64800901843,904.9541921760331,65996.06454783201,34999.970349991774,339.3578220660124,12.025827332042498
11,41405.368412735705,11.489408056886951,75994.84142971782,65128.96360348639,84080.17860760825,84685.25174737166,65996.93367138653,34998.57339032505,31756.96940526437,11.489408056886951
12,42340.64828452378,13.005954233203422,75999.5183851669,65231.155137625785,84793.98194867124,64247.841480530806,65999.84806345416,34994.18197565245,24092.940555199053,13.005954233203422
13,42001.392268071984,12.20252258994342,75999.69226788118,65238.33956558383,84535.06257563262,63012.35099507689,65998.7395507229,34999.86017831305,23629.631623153837,12.20252258994342
14,42009.04095467841,12.216475799126842,75999.85347263917,65929.03225715747,84540.90003479227,9743.435249225795,65998.58103061731,34999.23156654345,3653.788218459673,12.216475799126842
15,41708.29815539826,11.772864868915725,75998.3530979179,64698.28388807354,84311.37385615613,271222.8191498704,65999.53434708007,34996.32978542332,101708.55718120141,11.772864868915725
16,41982.902180411416,12.169449342161844,75996.22985274604,65230.66393087095,84520.95098535171,64333.19264705881,65999.3024640664,34996.38537219311,24124.947242647053,12.169449342161844
17,42153.35758298356,12.512297667488726,75995.9953483932,65085.01053005608,84651.04213723935,95367.09029142698,65999.704240491,34999.82785889898,35762.65885928512,12.512297667488726
18,41897.92887832434,12.028774337865247,75999.69874076241,64530.273738451,84456.09956626262,427101.7090669451,65999.01397971173,34998.88431744155,160163.14090010442,12.028774337865247
19,41675.868200372286,11.73597066468433,75998.8126260802,65276.3665950517,84286.62339274265,56857.89014514519,65996.99964046154,34998.97616852644,21321.708804429447,11.73597066468433
20,41340.93586857495,11.44408380256233,75998.43816231663,65808.79145633796,84031.00384539808,13484.877708095242,65999.03363491943,34999.46162302622,5056.829140535716,11.44408380256233
21,40952.5742467705,11.247212713352432,75998.74539176749,66072.13653212978,83734.60719285953,6618.213303093971,65999.54901711344,34999.93322681142,2481.8299886602395,11.247212713352432
22,41936.16830780089,12.089854819938909,75999.23642351344,65018.46983093567,84485.28380655694,114156.83868226173,65999.8108985497,34998.07187702015,42808.814505848146,12.089854819938909
23,42322.17771744184,12.950841462614902,75999.7677502719,65785.95424087966,84779.88525644882,14343.417006467296,65999.33300638934,34995.860064024106,5378.781377425236,12.950841462614902
24,42240.199238806425,12.723941119162909,75998.376358829,65447.22761849531,84717.31947939073,35829.3879655735,65998.4130766862,34996.34482502941,13436.020487090062,12.723941119162909
25,40337.066472674975,11.097698037346843,75997.21540805147,64715.70585098098,83264.85314505812,258747.92046532876,65997.32912913864,34999.21912831493,97030.47017449829,11.097698037346843
26,41073.21418667831,11.296548223395778,75999.87617871465,65477.86143537106,83826.67930386007,32982.40870824363,65998.98610807073,34999.39431446794,12368.403265591362,11.296548223395778
27,43716.53372058911,26.98038223024731,75998.71863142411,65135.128626527854,85844.05439308913,83285.89762755072,65999.38253557139,34998.13690976131,31232.211610331517,26.98038223024731
28,42513.255597513715,13.602474516464307,75998.5247929386,65571.1136419604,84925.71543339659,25634.557899259587,65999.67507519141,34994.33277387511,9612.959212222346,13.602474516464307
29,41874.031936902815,11.992353859812244,75997.80372551589,65132.069902276584,84437.86147823956,83977.26109553156,65999.18093155097,34996.39039674643,31491.472910824334,11.992353859812244
30,43276.55618683126,19.229667967122783,75999.43559664657,64956.273058171304,85508.26460111103,135053.72559535055,65999.92976348691,34997.24057293219,50645.14709825646,19.229667967122783
31,42521.430919766266,13.634763783669486,75999.0185932247,65187.38649319632,84931.95481961046,72315.73650633081,65999.99832553578,34998.76959400379,27118.401189874054,13.634763783669486
32,40568.80380248529,11.138574747224599,75999.76364026262,65005.91643291065,83441.71451592392,118096.41694296002,65999.95810178557,34997.22993640459,44286.15635361001,11.138574747224599
33,42766.62245466287,14.81375722653935,75997.22567716282,65138.73731431779,85119.08440732943,82477.54120070365,65998.5623904728,34999.6007197695,30929.077950263865,14.81375722653935
34,41877.519656389035,11.997587904051514,75999.95948040491,65934.38655179193,84440.52329733461,9603.452640669526,65995.50300554236,34999.43550491548,3601.294740251072,11.997587904051514
35,41421.76198042673,11.501660180953783,75998.8316670235,65034.248319395025,84092.69013890788,109391.01068714412,65999.97547350645,34996.92250517755,41021.62900767905,11.501660180953783
36,42248.847231757914,12.746575035998172,75999.7399553568,66201.82341157588,84723.91960674133,4661.421106597712,65995.38683424184,34999.18589249862,1748.0329149741422,12.746575035998172
37,41933.71398041849,12.085827797822596,75999.3446502962,65860.34353053244,84483.41066982165,11731.047475871166,65998.74472284756,34996.79826961209,4399.1428034516875,12.085827797822596
38,41438.4731389231,11.51446541240314,75997.65796698365,65421.76835081797,84105.44405474373,38381.56557256002,65997.92347044633,34998.959481618775,14393.08708971001,11.51446541240314
39,41553.72688999613,11.612142473944516,75999.47097524647,65814.81245410873,84193.40543942389,13267.21455475355,65999.66524429698,34996.294329054486,4975.205458032581,11.612142473944516
40,40996.668904885395,11.264213353416075,75999.06414904339,65124.26408933981,83768.26012952038,85767.73207152163,65999.35010069312,34999.86721766112,32162.899526820613,11.264213353416075
41,41494.933813708936,11.560196556660454,75997.70033361836,65655.87012914808,84148.53470548525,20386.435885173298,65999.90899150229,34997.71695635831,7644.913456939987,11.560196556660454
42,42474.60634340072,13.455101804438906,75999.32683254339,64879.71854506843,84896.21841592876,166097.79744412052,65998.67690620018,34999.79201061581,62286.67404154519,13.455101804438906
43,42570.98014400363,13.839217285512785,75999.10601868552,65556.61008586042,84969.77066797261,26659.35602547913,65995.6014598851,34999.99653508876,9997.258509554673,13.839217285512785
44,42167.308557339486,12.544456891498967,75999.43118803456,65274.16397164011,84661.68948720027,57197.37671147677,65999.3834028642,34999.827745259296,21449.01626680379,12.544456891498967
45,42462.33462183771,13.410077355327338,75999.89283434059,66533.62998723492,84886.85266764688,1901.3151507650757,65999.3511283874,34998.423777468626,712.9931815369034,13.410077355327338
46,42213.61407842559,12.65618164163087,75997.27522759914,65704.49308007506,84697.02974914532,17875.952810222112,65999.17304265226,34999.057580855115,6703.4823038332925,12.65618164163087
47,43005.82082424395,16.470645990711343,75998.54904887444,64957.032524959985,85301.64002574274,134776.79688123823,65999.57522988298,34999.20770025421,50541.298830464344,16.470645990711343
48,40782.53092750341,11.191286740033838,75996.77025180603,65047.85588563357,83604.83054195585,105440.99542006156,65999.07431687985,34997.712042270796,39540.37328252308,11.191286740033838
49,42461.41453332057,13.406735052857687,75998.51658418927,64578.73115746218,84886.15045831102,374673.9503653407,65998.70564153645,34999.309718896475,140502.73138700277,13.406735052857687
50,42217.04341694749,12.664770362026243,75999.6754979028,64572.82427787727,84699.64701202931,380703.44843569014,65998.930969822,34999.8767834616,142763.79316338382,12.664770362026243
51,42456.776331497764,13.38995682189182,75999.71632217204,65436.353164537955,84882.6105938731,36898.05596017159,65999.85959288731,34998.27353343171,13836.770985064346,13.38995682189182
52,42670.48914783461,14.298993446439072,75999.03599527554,64930.145435657454,85045.71569955401,144935.36184139203,65999.71820101152,34999.540678252364,54350.76069052201,14.298993446439072
53,41388.59100870545,11.477178831076202,75998.62777929906,65349.71695527891,84067.37413334081,46633.10900727468,65997.01481122007,34994.00869221161,17487.415877728006,11.477178831076202
54,42207.264140118605,12.640395141493196,75999.00348210186,64544.72506971798,84692.18349155357,410741.690780232,65997.79269133287,34998.08779454874,154028.134042587,12.640395141493196
55,42046.797524470014,12.28776229651749,75999.061608825,64854.19078527248,84569.71575774031,177962.11694773243,65998.04254716482,34999.823275524504,66735.79385539966,12.28776229651749
56,41501.52647700299,11.565794762144318,75999.11164028507,65097.308107526704,84153.56621020137,92249.49951319872,65998.79656409447,34999.45644132595,34593.56231744952,11.565794762144318
57,41584.710985045225,11.641428827574636,75998.57957102146,64702.92811772449,84217.05242599228,267839.71464446693,65999.7410309741,34998.84493136927,100439.89299167511,11.641428827574636
58,43160.64174034848,17.909604616057475,75999.67882306161,65165.45839464479,85419.79897528858,76731.0839110706,65999.56821017106,34997.66798953937,28774.156466651475,17.909604616057475
59,42977.44250867394,16.241427145369347,75999.88269729645,65164.66006709599,85279.98176378434,76896.82085845005,65998.75015680323,34998.05453011267,28836.30782191877,16.241427145369347
60,40919.08399685525,11.235035356547645,75999.05075930768,64767.49656534996,83709.04751494533,224950.28089775503,65999.0511058208,34998.656165071356,84356.35533665813,11.235035356547645
61,42476.02102887363,13.460346005019971,75999.89465595342,64860.964790415,84897.29810046765,174733.60893642996,65999.26050044634,34996.64193791546,65525.10335116124,13.460346005019971
62,40939.99423548505,11.242566227863776,75999.56560727948,65407.08790798305,83725.00615860548,39935.04078441139,65999.69185233701,34999.949658639685,14975.64029415427,11.242566227863776
63,42433.67354469942,13.308111060643858,75999.99093015214,64923.95628134137,84864.97860274195,147380.15053186173,65998.53687956836,34997.16877113809,55267.55644944815,13.308111060643858
64,41805.61343332189,11.895054336417916,75999.88939445448,64672.228212347836,84385.64464141912,291011.1082546287,65998.75528519697,34999.79174006835,109129.16559548577,11.895054336417916
65,41519.43005382886,11.581281580812735,75998.13091798905,65518.54411984329,84167.23017682867,29548.15036851454,65998.8270152441,34997.61106578629,11080.556388192952,11.581281580812735
66,42745.90929932142,14.696451444186874,75998.7074110941,65091.91286575831,85103.27617715934,93604.51243376131,65999.508263864,34999.7742919659,35101.69216266049,14.696451444186874
67,41806.61293093221,11.896404682322224,75998.87182025239,64943.28284499708,84386.40745558326,139879.501846646,65997.73719167596,34999.972554559776,52454.81319249224,11.896404682322224
68,42351.24000827764,13.0382575993731,75997.28536414546,65408.531038848574,84802.06552667946,39779.583367236446,65998.12772977035,34999.98151138842,14917.343762713666,13.0382575993731
69,43080.23053513375,17.12040669621333,75998.97512452198,65175.1906963499,85358.42933752289,74739.09940423118,65999.70765390538,34997.56964830489,28027.162276586696,17.12040669621333
70,42540.72924390505,13.712582437731687,75999.76818633985,65357.46639799442,84946.68325402105,45666.56189088097,65999.80363932454,34997.936756565075,17124.960709080362,13.712582437731687
71,42252.6384604376,12.756591074941843,75999.22299731732,65454.337017473714,84726.8130633204,35147.51285506085,65999.88698310325,34997.90099323022,13180.317320647819,12.756591074941843
72,42345.858310623524,13.021779640911168,75996.74423334053,65602.81941708091,84797.95822801735,23529.38522222745,65999.21298267055,34999.94629426389,8823.519458335295,13.021779640911168
73,41879.573806050495,12.00068348868301,75999.94217952728,65030.035201075785,84442.09101939903,110643.74371176671,65998.51101540105,34999.47528356023,41491.403891912516,12.00068348868301
74,42176.53320768287,12.56609588004329,75999.65192255462,64837.11839102521,84668.72971808074,186365.96746018354,65999.81323121121,34998.73679326797,69887.23779756883,12.56609588004329
75,40819.937410589075,11.202389405935802,75999.63054660958,66739.84586109064,83633.37907957478,1088.940964487677,65998.15835255201,34998.09332113611,408.3528616828789,11.202389405935802
76,42070.1151345122,12.333858550136682,75998.20584039751,65261.670320846104,84587.51170145275,59161.71694108951,65998.78721268688,34997.136422634874,22185.643852908564,12.333858550136682
77,42134.66755388438,12.470261151765378,75997.732715912,65639.77819915224,84636.77795213499,21292.640036334633,65999.17151653608,34998.8677578886,7984.740013625487,12.470261151765378
78,41722.52027277208,11.789622810919008,75999.7856997491,65186.24390569369,84322.22814181399,72539.39803997334,65999.64567576098,34999.760827351005,27202.274264990003,11.789622810919008
79,41168.53234512047,11.342399371539377,75999.98568089712,65254.420043772625,83899.42589235438,60332.44404213943,65999.58117257686,34995.56377562907,22624.666515802288,11.342399371539377
80,43147.40263927206,17.772998771176972,75999.0423626429,64911.0434574709,85409.69492529663,152614.4537124896,65999.45613264212,34997.70467017356,57230.4201421836,17.772998771176972
81,42704.418642541365,14.472216372662539,75997.93669005165,65557.28847422315,85071.61060803308,26610.521356861336,65999.8013421817,34999.73552379961,9978.945508823,14.472216372662539
82,41301.15155242118,11.418219652558635,75998.99411994066,64872.908344289164,84000.64055131993,169183.29350763996,65999.22404716225,34999.53668075624,63443.735065364985,11.418219652558635
83,40980.3898835596,11.257804966945626,75999.79645532189,65944.37152747836,83755.83601973025,9347.755519663917,65997.60585220566,34998.78964737803,3505.4083198739686,11.257804966945626
84,41965.403800273234,12.138988126678019,75999.58374520495,65202.86828649297,84507.5962638586,69352.28372089493,65998.41923926047,34998.84371561018,26007.1063953356,12.138988126678019
85,41882.53976558972,12.005170118183667,75998.51330712154,64716.004271164544,84444.35463256169,258539.31378555638,65999.15360565278,34999.87495222975,96952.24266958365,12.005170118183667
86,43213.954514611854,18.488165502362037,75999.10546869287,65367.02389564243,85460.48715594811,44502.05055831943,65998.75015027235,34998.58506442833,16688.268959369787,18.488165502362037
87,43210.28114298379,18.44679181598402,75999.76203563229,64880.10325284809,85457.68364758643,165925.18688521505,65996.92411161459,34998.56188414508,62221.94508195564,18.44679181598402
88,41455.825683733055,11.528108151332578,75999.83723199609,64514.466734177106,84118.68747506625,445743.5615579046,65997.86587617363,34997.695948990324,167153.83558421422,11.528108151332578
89,41817.97843511616,11.91190380326464,75998.77072397014,65119.954702116316,84395.08158094838,86772.5081547689,65999.23616355055,34999.616720921986,32539.69055803834,11.91190380326464
90,42234.459967433555,12.709082198039305,75995.33048855398,65113.35062063156,84712.93928132938,88335.2039642902,65998.51799193733,34995.75234157141,33125.70148660882,12.709082198039305
91,43119.37877988069,17.4926818555649,75998.21617079257,65034.92775009143,85388.30718343834,109190.32038409026,65999.3528063871,34998.05187470796,40946.37014403385,17.4926818555649
92,41735.56346104727,11.805310857073643,75998.26509092496,65488.42475820133,84332.18267162883,32054.091294826838,65998.76225975945,34998.464109193446,12020.284235560064,11.805310857073643
93,41371.2270065618,11.464843727895875,75999.32369520752,64643.33685948015,84054.12196880886,314645.3641844844,65999.83371896236,34999.13237202369,117992.01156918166,11.464843727895875
94,42292.180923199034,12.864544458790874,75998.64501389912,64558.00124422949,84756.99177547317,396264.9188566812,65999.19188154956,34999.05595651222,148599.34457125544,12.864544458790874
95,41666.3025940838,11.725428487884562,75997.60670644103,64692.210094235736,84279.32294510769,275711.8649843935,65999.61618690114,34998.158048522724,103391.94936914757,11.725428487884562
96,40937.55690389612,11.241676138958699,75999.55331148964,64737.77443627672,83723.14599301876,243766.1788817421,65999.56181207222,34999.702701221075,91412.31708065329,11.241676138958699
97,42233.57449775577,12.706801156799509,75999.98351801936,65355.866928943324,84712.26349300817,45864.40069342705,65997.02620010698,34999.995613481326,17199.15026003514,12.706801156799509
98,41607.23828683611,11.663597679698093,75999.50423595935,65523.72027839986,84234.24520835456,29137.661029673673,65997.89475469523,34997.08455011895,10926.622886127627,11.663597679698093
99,41141.224310142665,11.328582917678549,75998.58250828591,64887.84059721254,83878.58446596107,162491.43031063484,65999.23941482772,34999.233913259646,60934.28636648806,11.328582917678549
100,41606.29379370805,11.662653008167974,75999.84027644189,64441.832750398426,84233.52437347855,542426.1118806761,65998.38135741105,34996.61952075615,203409.79195525357,11.662653008167974
101,41140.72692379675,11.328336505358745,75999.5907036935,65117.20906242843,83878.2048619022,87418.811405573,65999.63556033456,34997.81639719025,32782.054277089876,11.328336505358745
102,43631.81903686194,25.063560246409935,75999.88493414293,64868.20680777103,85779.40035090821,171346.79772057696,65999.95313441669,34998.93889451075,64255.049145216355,25.063560246409935
103,41390.62350116272,11.478643914786616,75998.5956727162,64631.73472332145,84068.92532667924,324668.0583202905,65999.2411840391,34995.782007686335,121750.52187010895,11.478643914786616
104,41739.445760589006,11.810040313476161,75998.10789303048,65228.24001577137,84335.14563327005,64756.030753447005,65995.7359803157,34999.31785166765,24283.511532542627,11.810040313476161
105,41297.28906980991,11.415790286212305,75998.32466163315,64917.696660952126,83997.69271391224,149894.72279738507,65998.14901266161,34999.07768199739,56210.52104901939,11.415790286212305
106,40087.952931971806,11.067097353795594,75997.81491262489,65283.32383521359,83074.73029197245,55798.76003861625,65998.63709508756,34999.717396522465,20924.535014481095,11.067097353795594
107,42329.865606278625,12.973594319316197,75999.98313289687,65549.2908953055,84785.75263465608,27191.971260139675,65999.78173887785,34998.00375312572,10196.989222552378,12.973594319316197
108,42458.27356438105,13.395360087947255,75998.48992652548,65135.54323285534,84883.7532783964,83192.62324792422,65999.96633914707,34996.436352258395,31197.23371797158,13.395360087947255
109,41694.94317531017,11.757452600200125,75999.23786153994,65090.717897331786,84301.18136758212,93907.31042450541,65997.79281298036,34999.54127408886,35215.24140918953,11.757452600200125
110,41307.00649859258,11.421929301831693,75999.46097910684,65991.63048068807,84005.10903210836,8226.900736555726,65999.99273865396,34999.96229457559,3085.0877762083974,11.421929301831693
111,41937.835544129426,12.092598910608183,75999.73517085878,65103.42572936787,84486.55623729939,90736.77608818458,65994.41057866522,34999.58496927674,34026.29103306922,12.092598910608183
112,42331.124044592114,12.977343950236175,75998.00511163655,64951.299875529476,84786.71307173999,136881.24167512194,65999.09264984207,34999.23370229902,51330.46562817073,12.977343950236175
113,41325.68599450277,11.433985867745886,75999.190793706,65905.33580567002,84019.3651783083,10387.86412734089,65998.1388283797,34995.383792068336,3895.449047752834,11.433985867745886
114,43258.497205912434,19.00853131414958,75997.19789903263,64937.03808942614,85494.48203045504,142260.38401032911,65999.97155136138,34998.996777858134,53347.644003873414,19.00853131414958
115,41819.14799965626,11.913513866027268,75996.75675612064,65989.23459845193,84395.97418978291,8280.345709983232,65999.9189902739,34999.932094071875,3105.1296412437123,11.913513866027268
116,42478.42220577099,13.469272757468698,75999.51775652013,64690.87667975151,84899.13067288103,276707.27428769914,65998.11534882957,34997.75443329946,103765.22785788718,13.469272757468698
117,41513.86705797018,11.576424659818958,75999.4165864093,64980.319222415514,84162.98451181434,126555.76404840623,65999.80333349797,34999.1643378432,47458.41151815234,11.576424659818958
118,41499.40911032063,11.563990713809616,75996.84162202198,64502.73934967172,84151.95024105918,460097.9706002613,65999.92873271296,34998.99784321162,172536.73897509798,11.563990713809616
119,41665.03882071385,11.724047033879923,75996.50473318783,64673.74599790765,84278.35843632159,289819.7899926858,65998.74535532725,34998.841707722124,108682.42124725715,11.724047033879923
120,41831.24941817846,11.93034089369106,75999.81610093803,64894.673503640035,84405.20996319503,159518.18833316222,65998.73421959978,34997.28057950809,59819.320624935826,11.93034089369106
121,41768.06818570278,11.84577646147355,75999.55012756666,65456.81439126908,84356.99019904314,34912.965093259554,65999.69580567388,34998.701166243714,13092.361909972333,11.84577646147355
122,41430.8665110956,11.508596658964715,75998.32922368015,65499.23749703528,84099.63869474265,31130.909812471862,65999.4184573134,34995.929566691186,11674.091179676949,11.508596658964715
123,41615.51320219383,11.671931956650633,75999.90833609465,64892.72586653938,84240.56060378594,160360.08746707762,65999.11547937446,34994.41972482046,60135.03280015411,11.671931956650633
124,42037.47571612409,12.269782994633276,75998.67180784994,64868.144767369384,84562.60137610677,171375.53100554462,65998.69754675821,34996.701726410414,64265.82412707923,12.269782994633276
125,42810.46561061547,15.074480656292401,75997.83408972833,65560.26501301522,85152.54539814695,26397.306485322766,65999.294407128,34998.38120077795,9898.989931996037,15.074480656292401
126,42323.657157190675,12.955199494179189,75999.00427385453,65569.22522484632,84781.01436129485,25765.726772961818,65999.81135131873,34997.332030790625,9662.147539860682,12.955199494179189
127,42954.76093142411,16.065147676184868,75998.95512762107,64889.37765407601,85262.6712387641,161817.80730699978,65995.21702216861,34997.34006635248,60681.67774012492,16.065147676184868
128,40766.72405027076,11.186780123562032,75998.04283401529,65441.10511636209,83592.7667713982,36427.20015585817,65997.92424188562,34998.98931099306,13660.200058446813,11.186780123562032
129,41510.433011168774,11.573446753769229,75998.32326187988,65203.26061583257,84160.3636555828,69278.78503095492,65998.82030960025,34998.64325330544,25979.544386608097,11.573446753769229
130,40339.21746992931,11.098015517701509,75999.17333967508,65023.75738716217,83266.49478097168,112537.05985039187,65998.3918825995,34998.075010619854,42201.39744389695,11.098015517701509
131,42286.74092934353,12.849308242705094,75998.82289497809,65235.09551823293,84752.83998529083,63567.25315592963,65994.65131247969,34999.06320100926,23837.71993347361,12.849308242705094
132,42367.80453028751,13.089823308527542,75999.66824509243,64994.64038141264,84814.70752990269,121750.90539247569,65999.29524717071,34999.443011801806,45656.58952217838,13.089823308527542
133,42099.25018145939,12.393780962690949,75997.99261862725,64987.13881526906,84609.74749897202,124244.5376598666,65999.74179394422,34998.708260366606,46591.701622449975,12.393780962690949
134,42100.15671844356,12.395688018802513,75999.82399903896,65244.61162358002,84610.43936581063,61953.19909043998,65999.7786087927,34999.587085210456,23232.44965891499,12.395688018802513
135,43170.06454921781,18.00850771165865,75999.34125546215,65186.2293793316,85426.99044027785,72542.24602442622,65997.75713411694,34999.82856348228,27203.342259159832,18.00850771165865
136,41912.848157940425,12.052186957333797,75999.86143848002,65135.62340976022,84467.48592446132,83174.59783061738,65999.40930180962,34999.39979330816,31190.474186481515,12.052186957333797
137,41516.18081298383,11.578439796103332,75998.71348395041,65058.406126152935,84164.75036405705,102476.89389729619,65996.24317673464,34999.81874187098,38428.83521148607,11.578439796103332
138,42177.47543954264,12.568323141707767,75992.45164211084,64652.73306436684,84669.44882716225,306755.5045818331,65997.99422829736,34996.863986002536,115033.31421818741,12.568323141707767
139,41658.594217840066,11.71704312689178,75999.21609384146,64733.45493839,84273.4399309609,246628.6591639625,65999.77304071924,34997.843798898575,92485.74718648593,11.71704312689178
140,41255.703370401054,11.390511526038601,75999.77435246507,65400.45728620195,83965.95460848104,40657.15165724467,65999.13953612724,34997.66486158254,15246.431871466752,11.390511526038601
141,43020.426432532106,16.59249925729525,75997.30580961422,64901.992460899426,85312.78699074095,156393.76844172055,65997.71263073008,34999.84008562109,58647.6631656452,16.59249925729525
142,42332.9816531462,12.982891886249371,75999.45835173696,65296.8863282071,84788.13079410554,53790.4671604367,65996.7839217456,34999.71936071842,20171.425185163764,12.982891886249371
143,42316.58047570582,12.934441208346039,75999.35285136745,65066.92946708658,84775.61345506358,100143.21297283459,65996.36710079585,34999.68947690758,37553.70486481297,12.934441208346039
144,41980.202749919365,12.164697563409584,75996.76386713929,65693.56014812844,84518.89078651463,18412.041058684637,65999.67393967991,34999.83638164545,6904.5153970067395,12.164697563409584
145,41554.83485486201,11.613166304080234,75998.62451549794,64936.04178481237,84194.25103553571,142643.96691276,65999.17448621716,34998.9292924054,53491.487592285,11.613166304080234
146,41989.2987758314,12.18078674243478,75997.61736110025,64611.460219063156,84525.8328515395,342955.00535138854,65996.98861118966,34999.611862821985,128608.12700677071,12.18078674243478
147,41877.64000334942,11.997769001440508,75999.7780909005,66631.03248463225,84440.61514584435,1461.2552671821818,65998.37747558935,34995.95844170226,547.9707251933181,11.997769001440508
148,41289.80615005129,11.411123870977411,75999.0497277589,64937.30733536929,83991.98176761079,142156.89996101655,65998.99142423997,34999.88758098059,53308.837485381206,11.411123870977411
149,42388.59225852439,13.156385759194587,75999.89964839522,65106.403819989486,84830.57267392661,90009.37674137666,65999.44904300224,34998.96389995553,33753.51627801624,13.156385759194587
150,42058.961110844866,12.311606002411622,75999.37317241899,64823.06420224539,84578.99897750755,193581.11073761186,65998.40593955015,34998.0777646711,72592.91652660444,12.311606002411622
151,41248.92618797043,11.386540052095725,75999.46072034352,65425.39234111518,83960.78227920519,38007.46974863347,65999.95540025894,34996.85195913504,14252.80115573755,11.386540052095725
152,42925.5730332828,15.846996885908542,75997.62688052733,64822.01891277165,85240.39510534103,194128.7712632549,65998.86124267342,34997.52558925117,72798.28922372058,15.846996885908542
153,40912.288686750064,11.232638703121152,75999.47115240688,64429.68993328254,83703.861350672,560523.0140227131,65999.7680049885,34997.41693801971,210196.13025851737,11.232638703121152
154,41546.82768288831,11.605805520974423,75998.13176767097,66412.97412293464,84188.13998120888,2634.36656914289,65996.23514748657,34999.23025105087,987.8874634285837,11.605805520974423
155,41616.435083809956,11.672866907744691,75999.76458441927,64920.525154701325,84241.26418161062,148753.20969398806,65999.88215651562,34999.661305753754,55782.45363524552,11.672866907744691
156,42082.952809771254,12.35993773679504,75999.03634367594,65032.660279612275,84597.30938422964,109861.52584388129,65999.96596667229,34999.345501637465,41198.07219145548,12.35993773679504
157,40808.60071209018,11.198958149994027,75999.87882358405,65190.39377906525,83624.72693863895,71730.3508599956,65998.05429669328,34999.8167507406,26898.88157249835,11.198958149994027
158,41046.28858157576,11.284746148106857,75999.25011236478,65008.719923956836,83806.12974702464,117204.98152703958,65999.63078862625,34999.78419502138,43951.86807263984,11.284746148106857
159,41780.95803488733,11.862380680510844,75999.88860370828,65604.69944864245,84366.82770083407,23410.131731025824,65998.131571036,34998.328069308394,8778.799399134683,11.862380680510844
160,41709.65606559227,11.774449418772523,75999.38389202052,64818.961643898205,84312.4102099392,195739.48111617498,65997.941672696,34999.0211279225,73402.30541856562,11.774449418772523
161,42222.11270742713,12.677547963780587,75997.79194516546,64828.2742036783,84703.51588228978,190874.38024623494,65999.82397204888,34994.855170917326,71577.8925923381,12.677547963780587
162,41787.739512206026,11.871246783700519,75999.14972261399,65149.81948102389,84372.00330795815,80043.81934265161,65999.54209193146,34994.20419544683,30016.432253494353,11.871246783700519
163,42288.86995457264,12.855256285363925,75999.34848670581,64945.7546017949,84754.46485220778,138948.16183311105,65999.18516478778,34999.455678517945,52105.56068741665,12.855256285363925
164,42392.22950482182,13.168248292937328,75999.16086683646,65217.33066956936,84833.34861152314,66693.77063331538,65999.25881699292,34999.843269570185,25010.163987493266,13.168248292937328
165,41319.53969158745,11.429981218131555,75999.02618715343,65466.79932587762,84014.67433475604,33983.39228632716,65999.66651365727,34998.72453751256,12743.772107372683,11.429981218131555
166,42216.00640981219,12.662168507845687,75999.78911442253,64937.80848340969,84698.85557068622,141964.48529387152,65998.51743704804,34999.545850032155,53236.681985201816,12.662168507845687
167,41468.418204796464,11.538234500235427,75995.03127521933,65455.34645223829,84128.29805675265,35051.754021978035,65996.74428888113,34996.81248991045,13144.407758241763,11.538234500235427
168,43209.975935443596,18.44336452495114,75997.25562059892,65223.15115986375,85457.4507139283,65652.81639014858,65999.95194028977,34993.00488730945,24619.806146305717,18.44336452495114
169,42682.03269538303,14.356935445484456,75998.15285825143,66787.66482154446,85054.52570718524,956.9206542053184,65998.57149766818,34999.39102195913,358.8452453269944,14.356935445484456
170,41471.50801727932,11.54074871575247,75999.32931908878,65429.427123053654,84130.656194183,37595.2569198861,65999.52227552039,34999.662644535456,14098.221344957288,11.54074871575247
171,42435.6052541882,13.314845753877218,75993.28587990234,65174.6359028403,84866.45287876204,74851.25040372039,65999.4438151616,34998.87415510531,28069.218901395147,13.314845753877218
172,43785.01900421523,28.719361522680558,75998.83826320122,64698.862789439096,85896.3221962789,270798.7961913969,65998.3543547829,34994.21973359939,101549.54857177385,28.719361522680558
173,44154.388112853325,41.931519853923135,75998.22533010635,64782.58615288291,86178.223808603,215960.76226246514,65999.78862981436,34998.311951711876,80985.28584842444,41.931519853923135
174,41106.26595709912,11.311706390332976,75999.95741898722,64683.42896386011,83851.90433528229,282333.5399366931,65998.88811483409,34999.68313993982,105875.0774762599,11.311706390332976
175,41553.25380415371,11.611705833459652,75999.40033855512,64972.76869599441,84193.04438145064,129164.8973009263,65999.06088996022,34995.818563992485,48436.836487847366,11.611705833459652
176,42281.95458596247,12.83600575277963,75998.03594132057,65283.936522807955,84749.18705957317,55706.43863817592,65999.57883634795,34999.65780218824,20889.91448931597,12.83600575277963
177,42069.17055809106,12.33195955428557,75999.56817886177,65327.99046200882,84586.79080300765,49453.411009588155,65998.77645135204,34995.6365621341,18545.029128595557,12.33195955428557
178,41741.75802800442,11.812870328250932,75997.66086595473,65123.47804366873,84336.91035018135,85950.13482172875,65999.28112223667,34999.563580772134,32231.30055814828,11.812870328250932
179,41214.846166813666,11.36717285932058,75996.47007283523,66214.557459435,83934.77248930273,4503.721317955652,65999.30915809545,34998.90596516652,1688.8954942333696,11.36717285932058
180,42288.615833826974,12.854545321910566,75997.26790535435,65978.71617402231,84754.27090786795,8519.118679121331,65999.11773465783,34999.22271621772,3194.669504670499,12.854545321910566
181,41766.992627440646,11.844405504626296,75999.02405150134,64937.56536103402,84356.16933557311,142057.7990371481,65999.94650286334,34998.991425036475,53271.67463893053,11.844405504626296
182,42598.883913190075,13.961262043473045,75998.30338756976,64849.23944403466,84991.06675727629,180359.6124604584,65999.80098047295,34999.50320801273,67634.8546726719,13.961262043473045
183,41289.28657472448,11.410801810432405,75999.21603319669,64917.444990115764,83991.58522897525,149996.71458921468,65998.60347446283,34998.53955410892,56248.7679709555,11.410801810432405
184,41413.52922734361,11.495469369565486,75998.93426706435,65203.86834841305,84086.40692162272,69165.08660872818,65999.9212924525,34999.63351288676,25936.907478273068,11.495469369565486
185,42831.06866946137,15.20308506864598,75998.10122138807,66025.93012274231,85168.26960293733,7498.534693560296,65995.18608363808,34999.871586083806,2811.950510085111,15.20308506864598
186,41721.64404808075,11.788579930068103,75999.90177539895,65002.26235509128,84321.55940924413,119268.50185557468,65999.93731616448,34999.1299977223,44725.68819584051,11.788579930068103
187,42259.31003895699,12.774356379931909,75998.9127235951,65769.66101644847,84731.90479594606,14989.153408904202,65998.68380046438,34996.3645244697,5620.932528339075,12.774356379931909
188,42293.363881474215,12.867874243420493,75996.83836349756,64970.62861687357,84757.89460637399,129914.15151346546,65995.74544451616,34999.259257945545,48717.80681754955,12.867874243420493
189,42411.872645504154,13.2334495338409,75999.32563859188,65084.8932938721,84848.34020908763,95397.31257581219,65998.92900235193,34999.25836285071,35773.99221592957,13.2334495338409
190,40778.76346063161,11.190202844480163,75998.3039333275,65117.30755356382,83601.95522033122,87395.5442916919,65995.76359842242,34999.06962071433,32773.32910938446,11.190202844480163
191,42261.673621780756,12.780693216481355,75999.19651663648,65979.0871103397,84733.70867665319,8510.582281781255,65996.86177701796,34995.392397114345,3191.4683556679706,12.780693216481355
192,42576.980448129994,13.865029489012803,75999.43194973086,64892.546648497024,84974.35008560147,160437.78039240948,65999.37285977551,34999.711949287586,60164.16764715355,13.865029489012803
193,41812.55895910476,11.904480127300758,75999.57469981263,65518.86413239062,84390.94544993516,29522.605257971183,65998.39733947798,34999.25179502723,11070.976971739194,11.904480127300758
194,42037.84874603606,12.270497625576818,75999.59037996698,64828.66894875963,84562.88607163537,190670.8490458555,65997.71856271641,34990.535991362594,71501.56839219581,12.270497625576818
195,42256.60059000665,12.767120002772376,75998.57657864428,65102.24124114874,84729.8369510458,91027.7189519112,65999.86528917373,34997.82818668682,34135.3946069667,12.767120002772376
196,42161.18459546393,12.530256819348612,75999.68542051948,65342.530784506635,84657.01569427564,47547.6737561612,65999.61651751489,34999.45929564228,17830.377658560454,12.530256819348612
197,43238.86382475656,18.77485217336793,75998.63450293615,65774.85985769395,85479.49788133758,14780.014715813599,65999.52416475475,34998.242731746286,5542.505518430099,18.77485217336793
198,41374.25202680437,11.466969481236728,75999.0675344999,65064.152271885476,84056.43065695779,100897.70927444498,65998.18436479193,34999.53039111464,37836.64097791687,11.466969481236728
199,41667.600689881416,11.7268502045251,75999.9369886716,65474.22949843781,84280.31364868778,33307.759759564186,65999.38342012235,34998.189811888085,12490.409909836571,11.7268502045251
200,42055.055085188884,12.303901470178015,75997.2102806141,65030.10541638635,84576.01790815321,110622.7487179322,65995.96473662263,34999.2778197185,41483.53076922458,12.303901470178015
201,42057.25655110966,12.308238220725771,75998.69273720872,65959.5602486341,84577.6980616312,8971.794083610213,65999.41797312564,34997.1435966664,3364.42278135383,12.308238220725771
202,41731.37544237697,11.800239926230326,75998.53486440067,64809.665169464184,84328.9863858865,200719.85982352088,65997.08207089778,34999.313927710944,75269.94743382033,11.800239926230326
203,42794.901523502274,14.979945189613467,75999.99150071877,65279.77800557788,85140.66692442255,56336.06808419493,65999.84684541434,34998.560606568964,21126.025531573097,14.979945189613467
204,41855.158289324194,11.964502782358823,75995.82246889109,64582.25380520057,84423.4571559548,371123.73054176325,65999.43873750874,34999.36083746761,139171.3989531612,11.964502782358823
205,41980.411944284395,12.16506511485763,75999.16304814168,64854.314525053815,84519.05044314917,177902.61070020488,65999.44728633313,34998.9306799609,66713.47901257683,12.16506511485763
206,41500.80928257112,11.565183049542497,75999.52817732265,65062.3251240846,84153.01884914176,101397.19838866814,65997.74098036511,34999.46667587992,38023.949395750555,11.565183049542497
207,41949.280336036085,12.111623222235403,75999.8534289136,65279.33233871785,84495.29087486313,56403.966044918205,65999.5353196539,34999.934512950116,21151.487266844328,12.111623222235403
208,42236.78388676312,12.715083311363378,75998.88124412084,65860.65005575155,84714.71289095345,11721.332954737458,65999.74707643247,34998.671474695846,4395.4998580265465,12.715083311363378
209,41856.92919368653,11.967082458599934,75999.1970628162,65611.3994689929,84424.80870589046,22990.032340719703,65999.05392085864,34999.72173558343,8621.262127769889,11.967082458599934
210,41495.05059026113,11.56029523476591,75999.96736150321,65077.90072738301,84148.62382906808,97217.35416688892,65999.898652626,34998.45437933749,36456.507812583346,11.56029523476591
211,41949.71488459843,12.11235204970335,75999.02146462008,65654.96425304395,84495.62252127723,20436.40942787587,65995.3993771138,34997.58666543647,7663.653535453453,12.11235204970335
212,42772.228660498666,14.846142383421164,75999.59946058375,64382.139034240354,85123.363050094,637392.8884734734,65999.97040012029,34999.66889594637,239022.3331775525,14.846142383421164
213,42117.9585538922,12.433670483864573,75999.41328741261,65342.54378075401,84624.02568366432,47546.003673789324,65998.57880229675,34997.84590402657,17829.751377670997,12.433670483864573
214,42390.06491644682,13.161180854266044,75997.77711776801,65565.67138126376,84831.69660289909,26014.39846358302,65999.99592407387,34999.07526608716,9755.399423843633,13.161180854266044
215,42055.606794057574,12.304986950416328,75999.37319812112,64995.76880542406,84576.43897103037,121380.15577802733,65999.47121265181,34999.30592848613,45517.55841676025,12.304986950416328
216,41974.931421336005,12.155474092263553,75997.61973816596,64642.596376229856,84514.86772126096,315275.69639892096,65994.93911284782,34999.73836827324,118228.38614959538,12.155474092263553
217,41642.96838875533,11.700341181337572,75999.40941833962,65084.54156581027,84261.51433591281,95488.0419416492,65999.6633087551,34992.01694384253,35808.01572811845,11.700341181337572
218,43223.78013543022,18.59996606521404,75998.0018832446,65240.88299482165,85467.98604604478,62580.68108698532,65997.43934871949,34996.95074093198,23467.755407619497,18.59996606521404
219,42202.33321690282,12.628240302802034,75997.24984034187,65218.21136780479,84688.42022285494,66535.21053436375,65999.31100572385,34998.61085963503,24950.703950386403,12.628240302802034
220,41957.39029248937,12.125304337543781,75999.38573257819,65161.24779455433,84501.48037405674,77609.27107238828,65999.31784396624,34998.73624137297,29103.476652145604,12.125304337543781
221,42058.05338347012,12.309811483527067,75996.76570392158,65360.368121282736,84578.30620216574,45309.822781348885,65999.03282992775,34996.15858976867,16991.18354300583,12.309811483527067
222,40985.28308319225,11.259714707205669,75997.79673464643,65222.45018034536,83759.57049788126,65777.31612452077,65999.86871795969,34999.56839977528,24666.493546695292,11.259714707205669
223,41628.26028380475,11.684975757996336,75998.73276520119,65150.94601294623,84250.2891457092,79800.48208716621,65999.45113293211,34999.26668129886,29925.18078268733,11.684975757996336
224,41007.59877475907,11.268605136883346,75999.42322794086,65198.62287881728,83776.60177983121,70152.61978912937,65999.90297299434,34998.69451133653,26307.232420923512,11.268605136883346
225,41840.62473223277,11.943590062987335,75999.29396102217,65056.23673480607,84412.36518025608,103079.50334591762,65998.06134956969,34998.84405040334,38654.81375471911,11.943590062987335
226,40815.680269566314,11.201094021359072,75998.23759880775,65234.066817159684,83630.13003981984,63744.23339713386,65999.14555387673,34993.75496925437,23904.0875239252,11.201094021359072
227,42195.263205389274,12.610969538203635,75999.7414944671,65418.26711003952,84683.02440712968,38746.48701555473,65999.27653104784,34998.55190540812,14529.932630833024,12.610969538203635
228,41730.10996377385,11.798713952394392,75998.3580310663,64696.7994445039,84328.02057567054,272313.1534703598,65999.87570971977,34998.448943207004,102117.43255138493,11.798713952394392
229,43086.00802871837,17.173974008555234,75999.65381699127,64794.4309082625,85362.83870668401,209156.73154354526,65998.6258173647,34999.49111514048,78433.77432882947,17.173974008555234
230,41200.88218613177,11.359520404125421,75998.35190811985,66217.02271122433,83924.11521294521,4473.813477627363,65999.859939584,34999.459369272765,1677.6800541102612,11.359520404125421
231,41171.388200987865,11.343877429305559,75998.45539981249,65473.60641094724,83901.60547466042,33363.89795697052,65999.23977196922,34999.26538683848,12511.461733863945,11.343877429305559
232,43150.53536377678,17.805077423425697,75995.719966004,65493.86498869993,85412.0858130785,31586.237483539026,65997.93462473976,34999.54640522567,11844.839056327133,17.805077423425697
233,42450.804842142315,13.368527676011528,75999.16107638311,64861.21330314981,84878.05316760785,174616.2874568418,65999.9496579889,34998.86200025823,65481.10779631567,13.368527676011528
234,43131.53136165502,17.612788066683187,75999.73824134715,65257.90877072383,85397.58200452103,59766.243469545574,65999.06166599152,34999.10367370526,22412.34130107959,17.612788066683187
235,42058.123457023845,12.30994992695978,75999.93296032753,65725.37382255685,84578.35968213282,16895.071498466354,65997.81771122725,34997.68098057117,6335.651811924883,12.30994992695978
236,41311.463836790324,11.424775482345774,75995.99546808579,65164.97012330551,84008.51086186411,76832.4091023091,65998.7795445016,34999.83661868716,28812.153413365915,11.424775482345774
237,42569.25767942613,13.831850612754781,75999.73515854255,65773.58631920462,84968.45608716384,14830.975118556893,65998.87368478812,34998.35478436912,5561.615669458835,13.831850612754781
238,40150.42744913762,11.073727410312053,75997.48789598067,64783.11670489924,83122.41069270534,215651.31277942655,65998.2839791713,34997.63300818802,80869.24229228495,11.073727410312053
239,42162.514920743284,12.533330398650417,75997.6700242192,65182.422076167546,84658.0309953184,73292.56010498726,65998.71363350075,34999.27857029586,27484.710039370224,12.533330398650417
240,41511.98111743223,11.574787317532465,75998.47982547658,64843.39604215481,84161.54516654708,183230.6392195087,65999.45348357444,34999.935822639396,68711.48970731576,11.574787317532465
241,43006.628846801985,16.47731733327196,75997.29767802026,65160.718360083185,85302.25670660906,77720.40197680966,65999.89862427751,34998.97228038393,29145.15074130362,16.47731733327196
242,43534.582396444355,23.14509607395489,75998.8433996188,65321.52477214491,85705.18958160006,50325.196297789604,65998.31980683039,34999.571396581516,18871.9486116711,23.14509607395489
243,41994.45374256112,12.190003396068622,75999.09849353156,66014.7341786292,84529.76710970729,7728.902982733447,65999.6160245373,34997.06421768366,2898.338618525043,12.190003396068622
244,41483.93535508837,11.550980153337054,75999.07617678681,64714.127133784765,84140.14070840832,259854.30561423543,65999.99158965456,34998.4897297737,97445.36460533828,11.550980153337054
245,41715.33338838468,11.781109566978046,75999.89970130847,65210.449180077885,84316.74312899343,67945.78956839659,65999.223853538,34999.37882936499,25479.671088148723,11.781109566978046
246,42344.4274359346,13.017420977498608,75999.30075836752,65508.87378176227,84796.86618790786,30330.602838341816,65999.91932323236,34998.90835580485,11373.976064378181,13.017420977498608
247,41417.826714405615,11.498691374071338,75996.63304963832,65313.9917302234,84089.68675337743,51360.29714410086,65999.72126990095,34999.06342712142,19260.111429037825,11.498691374071338
248,41221.70357891243,11.370990237469512,75999.66466395477,66182.76280457289,83940.0060496677,4907.847792313267,65999.6120845939,34998.23202594749,1840.442922117475,11.370990237469512
249,41927.895454397265,12.076340203529284,75998.4694510821,64541.52289846563,84478.96998480395,414311.8885682881,65999.64780833336,34999.0503698745,155366.95821310804,12.076340203529284
250,42431.35526745993,13.300054503736572,75999.1410834698,65029.659038161204,84863.20929914739,110756.28759540431,65999.07662737663,34999.754729846405,41533.60784827662,13.300054503736572
251,42838.67636391482,15.25159177482391,75999.75589991968,64798.20037866295,85174.07577698477,207036.71087720178,65999.44100711714,34998.00479338939,77638.76657895066,15.25159177482391
252,41876.29899223875,11.995752912357277,75999.04736748751,65590.84018361215,84439.59168940091,24303.646034618185,65998.607514189,34999.13229000474,9113.86726298182,11.995752912357277
253,42653.66901748984,14.216351609614026,75998.26697092275,64748.69091716737,85032.87861666645,236679.1627126176,65998.82401229725,34999.8134461139,88754.6860172316,14.216351609614026
254,41135.83098197909,11.325920825667698,75999.73363267795,64883.892876602535,83874.4682909222,164234.41696644318,65998.76199602439,34999.75469802565,61587.906362416186,11.325920825667698
255,41103.53107697843,11.310423247372157,75998.78289491503,64785.956692271975,83849.81708137419,214002.3869804739,65999.17193090761,34999.14683261011,80250.89511767772,11.310423247372157
256,42778.54960427407,14.88298628818208,75999.93465831126,64777.86104380022,85128.18717912924,218736.38866996267,65999.46685936018,34998.108024710295,82026.145751236,14.88298628818208
257,42810.486447201525,15.074608709989093,75999.52370490029,65527.21388697181,85152.56130057914,28863.832637797677,65998.55752279813,34999.92635770717,10823.937239174129,15.074608709989093
258,41858.68430130228,11.969645931270877,75998.90142715133,65346.52155557887,84426.14819978726,47037.58664572939,65997.35456805534,34999.653785830626,17639.09499214852,11.969645931270877
259,42630.68368570695,14.106755708954115,75999.06282312886,65653.99081169696,85015.33626691964,20490.246828434614,65999.44659069284,34998.21923127118,7683.842560662981,14.106755708954115
260,42681.451587183175,14.353994437841756,75999.46828225823,64566.25294867708,85054.08220680949,387525.2743059725,65993.40487589229,34999.83885025918,145321.9778647397,14.353994437841756
261,41900.39785354258,12.032612578687644,75999.77988215405,65416.61458048483,84457.98388219086,38919.92732874271,65998.89009873848,34997.10308761302,14594.972748278517,12.032612578687644
262,41252.330409900926,11.388529874301122,75999.67766095384,65866.22549679255,83963.38037316722,11546.031114342006,65996.86766420673,34999.09468142422,4329.761667878252,11.388529874301122
263,41421.48317029397,11.501449263100731,75999.78742171744,64907.32549256968,84092.4773516874,154155.73913498683,65999.43366478675,34999.8795351456,57808.40217562006,11.501449263100731
264,42802.162921613475,15.023774460957945,75999.24051074489,64900.50399851298,85146.20880593729,157024.18764405002,65999.90396023128,34999.99841093413,58884.07036651876,15.023774460957945
265,42370.893010065236,13.09958112714168,75998.54584758078,64607.63937454222,84817.0646502157,346514.916110345,65998.41808670599,34999.428537104744,129943.09354137938,13.09958112714168
266,41829.16088915244,11.927414820144223,75999.68266159132,66176.46912097945,84403.61600288255,4992.044123472043,65999.79102457345,34999.130333208064,1872.0165463020162,11.927414820144223
267,41833.4095996918,11.933377066785114,75998.76806243666,65045.64877241303,84406.85860851289,106071.84867714347,65998.5734914411,34999.484161867214,39776.9432539288,11.933377066785114
268,42129.86183104714,12.459642566875798,75998.93389254072,66653.26649915417,84633.11023606312,1376.0318791507266,65999.41045383368,34999.95378240183,516.0119546815225,12.459642566875798
269,40726.31614588252,11.17573638325691,75999.33141534113,64891.008236967835,83561.9275562844,161106.24840376002,65999.0679846164,34999.2315144264,60414.84315141001,11.17573638325691
270,42056.0795834317,12.305917876514926,75999.98175044403,64822.6178613168,84576.79980273973,193814.77373469176,65999.52277059807,34999.50150838301,72680.5401505094,12.305917876514926
271,42571.253271323,13.840387161165648,75998.64857425308,64911.018177125945,84969.97911808362,152624.88149044206,65998.05643634542,34999.94271098511,57234.33055891577,13.840387161165648
272,42178.79876119966,12.571456578451773,75999.84803417051,64891.36199570456,84670.45878305736,160952.28757651424,65999.35179822778,34998.17310564839,60357.10784119284,12.571456578451773
273,42534.44962794824,13.68701145546214,75996.44245016405,65149.34142807552,84941.89066627724,80147.30559796085,65999.94291180887,34999.29858751843,30055.23959923532,13.68701145546214
274,43023.403107236554,16.6176643813398,75998.74572158877,65207.562515041005,85315.05878169184,68477.96210438317,65999.90783999137,34999.775832043786,25679.23578914369,16.6176643813398
275,42638.87689055644,14.145386500795036,75999.66304234408,65272.685617876756,85021.58930108833,57426.368901017624,65999.96151411753,34998.00403721853,21534.888337881606,14.145386500795036
276,41933.81538490458,12.085993885651604,75999.83987863452,65825.45796486124,84483.48806148072,12890.9339560072,65998.82244396706,34997.17172311761,4834.100233502701,12.085993885651604
277,42590.36235887489,13.923444429975232,75999.446672946,64688.15536551674,84984.56312758777,278749.9321101609,65999.54776835651,34999.55112297433,104531.22454131034,13.923444429975232
278,41932.61578382911,12.084030715866085,75998.27004112295,65112.16100002757,84482.57252883489,88619.67557149041,65998.97697980278,34999.90874987266,33232.3783393089,12.084030715866085
279,43107.043149843324,17.372997330352725,75999.78060986738,65212.71533780257,85378.89266036308,67530.91036523356,65999.0118840973,34998.84865130091,25324.091386962587,17.372997330352725
280,40712.266281157994,11.172051474134895,75997.87128810259,65169.91987428816,83551.2047334328,75811.4122952566,65998.96151164267,34993.0864334562,28429.279610721223,11.172051474134895
281,41578.5276485278,11.635474479445888,75998.65778542584,65447.31670889769,84212.33331848426,35820.7618295668,65999.76658344819,34999.45218008353,13432.78568608755,11.635474479445888
282,41909.41639699409,12.046754792745201,75999.61840703768,64930.352503624934,84464.86681278885,144854.2724508477,65996.67114943817,34999.85055364889,54320.35216906789,12.046754792745201
283,42225.4123610255,12.685917683704375,75997.89782134801,64855.45983566262,84706.0341699531,177352.7763235645,65996.45064357528,34996.51973211051,66507.29112133669,12.685917683704375
284,41730.29363245759,11.798935248113736,75999.97582870124,65580.80558223392,84328.16075116672,24971.793450802194,65999.27644858375,34999.743519609576,9364.422544050823,11.798935248113736
285,41752.148591846264,11.825710015430746,75999.7522577604,64752.549548878604,84344.84040343018,234223.7244084086,65999.80011417343,34998.90303878561,87833.89665315322,11.825710015430746
286,42788.47889923652,14.94157674231444,75998.77645633099,65170.88527372199,85135.76519308246,75613.86392634116,65999.72436819195,34999.8867757664,28355.198972377937,14.94157674231444
287,41673.092552580616,11.732895965992844,75999.35352855102,65062.84329329059,84284.50502504644,101255.2953283989,65999.05482828272,34999.51191324048,37970.73574814959,11.732895965992844
288,43943.31325794262,33.497685642470195,75999.9112354627,67704.67132257967,86017.13198871638,80.26426701327384,65997.82393534413,34999.06684140428,30.09910012997769,30.09910012997769
289,42666.29672707952,14.278198375831936,75999.98959632649,65666.9026322783,85042.51605415119,19787.535041255538,65998.85190653281,34995.94707640722,7420.325640470827,14.278198375831936
290,41947.92431380274,12.109351962295682,75998.76571653096,65312.8120164645,84494.2559619671,51524.31645683107,65995.58253356928,34998.19938578929,19321.618671311648,12.109351962295682
291,41087.91285636792,11.30319609868674,75999.65344694324,65732.54479965623,83837.89729309527,16570.780489604305,65999.30857788213,34999.073345804994,6214.042683601615,11.30319609868674
292,41367.857580933975,11.462487343015937,75999.5553072947,64988.7738267453,84051.55043130105,123696.7185522013,65998.91784828748,34998.465566521074,46386.26945707549,11.462487343015937
293,42915.201425939165,15.771763124557264,75998.80388461942,67340.29503100959,85232.47951964589,214.88979521817987,65999.81088666043,34999.695531788544,80.58367320681745,15.771763124557264
294,40967.362416181466,11.252788731096047,75998.84489979089,65950.9356784432,83745.8934880661,9183.379871153444,65998.50989861076,34999.96982545953,3443.7674516825414,11.252788731096047
295,43108.11578643236,17.38331624867976,75997.63972581232,65222.64292048707,85379.71129401927,65743.06037393803,65998.76043545232,34999.95901387679,24653.64764022676,17.38331624867976
296,43554.11902680776,23.50830079008189,75997.896369606,65093.52184946101,85720.09989074619,93198.34718632873,65998.77931835884,34999.66997317039,34949.38019487327,23.50830079008189
297,41651.62123133591,11.709541270139477,75999.78811941095,65331.191887891386,84268.11816448864,49027.36110979651,65999.77824409309,34999.869069655,18385.260416173693,11.709541270139477
298,41738.08742265882,11.808382421907847,75999.9265524728,65575.88018340927,84334.10895303976,25306.437617450672,65998.55509855294,34999.420291854454,9489.914106544002,11.808382421907847
299,41954.11546410133,12.119759703677188,75999.93517850494,64799.41691957511,84498.98103293404,206357.10272312927,65999.15080565677,34997.509462559065,77383.91352117347,12.119759703677188
300,42099.63077709093,12.394581293358117,75999.48555506745,66411.64235406915,84610.03796863953,2643.865728399192,65997.26233708175,34998.41340224498,991.449648149697,12.394581293358117
301,42074.098709555896,12.341897042697651,75999.63851645798,65063.14767618555,84590.55195631264,101172.03125784505,65999.58143943232,34998.51379730366,37939.511721691895,12.341897042697651
302,42269.40492732979,12.801579590383112,75999.74601702143,65132.36753730124,84739.60919039046,83909.73535548631,65998.13443490319,34999.78766954294,31466.150758307365,12.801579590383112
303,43483.5337370597,22.245060924767884,75999.09826924387,65386.918690682745,85666.22936795205,42172.38199709333,65999.17722263197,34997.68146797325,15814.64324891,22.245060924767884
304,42661.623119318516,14.255171015760812,75999.16199565085,64943.65658503763,85038.94916798668,139738.27974915106,65999.29315631944,34998.91742438899,52401.85490593165,14.255171015760812
305,41683.07635744072,11.744015815460175,75999.52516330784,64947.827196220416,84292.12464082203,138172.00479162403,65998.70996102958,34999.4514801479,51814.50179685901,11.744015815460175
306,42415.193543505,13.244664714506548,75998.80349776121,64836.93184656026,84850.87471042766,186459.95206856309,65999.60865322036,34994.80871001741,69922.48202571116,13.244664714506548
307,41404.155866482244,11.488513807141931,75994.84054754443,65575.35794734048,84079.2531952338,25342.181578784883,65998.16734805213,34999.0409075593,9503.318092044332,11.488513807141931
308,42555.62724174595,13.774225738666816,75999.69364923282,65361.35263259097,84958.05337002028,45189.42078660386,65997.22443075247,34999.82127044678,16946.03279497645,13.774225738666816
309,42503.24337484886,13.56346879117072,75999.75263066615,65304.15792919871,84918.074129221,52743.64470058974,65998.67779063205,34997.957933569865,19778.866762721154,13.56346879117072
310,42508.184347295544,13.58264427017731,75996.42896134216,64743.69146002638,84921.8450674684,239898.8860626567,65999.06211729295,34998.09392154322,89962.08227349626,13.58264427017731
311,41805.45325702287,11.894838123485432,75999.19380441344,65186.65317753535,84385.52239525426,72459.20366334342,65998.8932034413,34999.63145316554,27172.20137375378,11.894838123485432
312,41573.15513349481,11.630345820788909,75999.32013240267,65338.513984075915,84208.23302797643,48066.673729327034,65998.05460856334,34997.62514735649,18025.002648497637,11.630345820788909
313,41337.52356611404,11.441804081044634,75995.86959321878,65112.00107402833,84028.39958439472,88657.98814861306,65996.76354392956,34999.25908640277,33246.745555729896,11.441804081044634
314,41874.267906406494,11.99270711309098,75999.64850641352,64494.1762618518,84438.0415695953,470870.41414912796,65997.32153330144,34998.97263816923,176576.405305923,11.99270711309098
315,42439.791085517965,13.329506697635615,75999.85621852968,65261.7350706127,84869.64749513136,59151.364583799375,65998.02442461069,34996.84806802147,22181.761718924765,13.329506697635615
316,41966.024170994184,12.140054379422681,75999.87447249988,64979.739798802606,84508.0697292957,126754.1068735409,65999.15273901608,34999.38445555828,47532.79007757784,12.140054379422681
317,42015.90903576212,12.229142886023727,75996.87914275889,65423.1443172932,84546.1417377008,38239.09619364391,65997.11109611801,34998.41117455022,14339.661072616467,12.229142886023727
318,42196.39699844368,12.613726806248058,75998.41433905672,65581.25465847792,84683.88971525265,24941.503081909555,65997.40863166675,34998.111494504534,9353.063655716083,12.613726806248058
319,42010.884473053746,12.219863003091104,75999.30711284927,65892.93717174907,84542.30700356742,10741.857603583137,65997.51329940575,34994.79939482744,4028.196601343677,12.219863003091104
320,42289.335087640844,12.856558312242942,75995.63978383424,64648.91180560231,84754.81984064293,309940.00753417984,65998.67299399227,34998.039531522736,116227.50282531744,12.856558312242942
321,41906.92083020899,12.042822158749548,75998.7249834532,65169.044051049175,84462.96220224095,75991.07727637091,65999.76215785515,34998.40178531673,28496.653978639093,12.042822158749548
322,41266.52008393977,11.396934899711622,75999.52414580196,66060.1347384806,83974.20989815012,6836.409861987817,65994.92480821848,34999.521512774365,2563.6536982454313,11.396934899711622
323,40699.18712289028,11.168690632941143,75999.42214981053,64858.047066327934,83541.22275140646,176116.96008699643,65999.12226904112,34997.345812207815,66043.86003262366,11.168690632941143
324,40960.234710940465,11.250085634767858,75999.09810927228,65248.028939291944,83740.45364062727,61383.63435709461,65997.90652802448,34999.965888355204,23018.86288391048,11.250085634767858
325,40684.566502421294,11.165011347647937,75998.6148304863,66089.53754334728,83530.06432914808,6314.165994372085,65999.60814409176,34998.21710324799,2367.8122478895316,11.165011347647937
326,41295.12597316366,11.414435943843635,75999.15831984178,64956.09585095931,83996.04184377196,135118.42350397928,65999.38837802593,34999.58367931297,50669.40881399223,11.414435943843635
327,42086.500001060966,12.367233192216734,75994.27840716382,64586.17755998615,84600.01659206161,367208.85370271845,65997.80243063845,34999.36085021415,137703.3201385194,12.367233192216734
328,42258.728791523674,12.772801495860413,75999.50755319702,65372.89880572131,84731.46118930767,43801.02122388696,65999.96471557772,34998.95318648676,16425.38295895761,12.772801495860413
329,41496.067892635474,11.561155607602121,75999.08368011011,65010.45744036296,84149.40023178514,116655.8783728437,65998.95095301262,34999.471331216984,43745.95438981638,11.561155607602121
330,42762.341563842645,14.78921170104069,75997.30209290814,65050.83589516322,85115.8172417864,104595.17594870963,65999.37023577577,34997.93286785636,39223.19098076611,14.78921170104069
331,41742.77455794992,11.814117599461705,75998.43710851458,65695.04561077635,84337.68616338259,18338.26924796459,65995.23566704792,34998.008498091476,6876.85096798672,11.814117599461705
332,41522.593476776754,11.584061721650842,75998.99973719404,64899.09074815619,84169.64449358829,157625.1034308696,65999.27721402938,34999.27008444981,59109.41378657611,11.584061721650842
333,42081.73475677415,12.357441574590277,75999.22340404995,65101.6691692877,84596.37976912175,91168.56942353533,65999.83785941446,34999.064157830944,34188.21353382574,12.357441574590277
334,41473.83179200467,11.542647332477319,75995.31846579054,65401.562695024615,84132.42969344549,40535.86596634951,65999.46162156087,34999.27703760915,15200.949737381066,11.542647332477319
335,41698.538619126724,11.761571417792787,75998.93737051048,65403.615481540466,84303.92540162613,40311.59279408478,65998.05863089488,34998.632335351074,15116.847297781793,11.761571417792787
336,41694.82427406219,11.757316772169743,75998.60531541315,64576.772768398914,84301.0906224366,376662.33594750706,65998.76334991009,34999.80368004266,141248.37598031515,11.757316772169743
337,42052.44826618096,12.298784785967236,75999.09529684526,65002.26852706237,84574.02839017732,119266.512353938,65998.91282925654,34999.16301663571,44724.94213272675,12.298784785967236
338,42182.55626691258,12.58038798286035,75999.66103226168,65162.27333668761,84673.32650234958,77394.4565430421,65999.46686115403,34999.54251851509,29022.921203640788,12.58038798286035
339,41827.40408419861,11.924960626737493,75999.45203467009,64800.87876486725,84402.27521358144,205543.40807546157,65998.88928035724,34998.5814283126,77078.7780282981,11.924960626737493
340,42259.57243680083,12.77505876218534,75999.65082993747,65423.74458633385,84732.10505734725,38177.10933915124,65999.43764528766,34996.81524178046,14316.416002181717,12.77505876218534
341,42199.76481169469,12.62194484125479,75998.78114925776,65450.91990711718,84686.46002219836,35473.61891659262,65999.90119887449,34995.72052058404,13302.607093722232,12.62194484125479
342,41201.15915633042,11.359670626206595,75999.721843678,65015.081356128685,83924.32659593242,115207.09337623227,65999.61906458909,34999.106681736645,43202.660016087095,11.359670626206595
343,40524.200164443115,11.129558743887632,75997.62913456692,65053.99093981248,83407.67312701089,103707.06932413823,65999.34533303427,34999.122702051856,38890.150996551834,11.129558743887632
344,42352.80820971006,13.043084419445579,75998.8556837667,64489.09424768867,84803.26237422819,477382.52102338866,65996.58914095207,34999.358871299795,179018.44538377074,13.043084419445579
345,41419.23432101287,11.499751263910158,75999.25185100264,64825.988185304275,84090.76103534315,192057.33450467317,65999.58819566603,34995.768775347715,72021.50043925244,11.499751263910158
346,40963.85424520123,11.251454667799207,75999.80485195345,64344.858700671786,83743.21606044016,704962.0017470529,65999.97600336677,34998.95891325942,264360.75065514486,11.251454667799207
347,42209.670191794474,12.646359011522584,75999.64648958556,64822.13062898036,84694.01978438612,194070.16570496347,65993.58687509736,34998.28121872512,72776.3121393613,12.646359011522584
348,41486.09483109012,11.55277769215445,75999.69090359316,65032.1110280112,84141.78881528146,110024.73240769439,65997.93542849991,34999.73343177769,41259.2746528854,11.55277769215445
349,40720.66357689425,11.174244468531288,75999.28042651893,65487.6705640063,83557.61352927375,32119.49579496097,65999.83787226958,34999.08545857996,12044.810923110364,11.174244468531288
350,41971.81350175156,12.150052949979003,75999.19555120914,65464.541890777706,84512.4881325585,34191.36473501247,65999.55153984812,34999.796621647154,12821.761775629675,12.150052949979003
351,42207.76152186654,12.64162622554126,75996.64172573367,65346.310043426565,84692.56309210327,47064.48357933429,65999.03492038061,34998.10749240976,17649.18134225036,12.64162622554126
352,41862.30804140655,11.974960207068719,75999.93655737012,64381.93534823562,84428.91382948977,637743.8715891389,65999.53458646942,34999.89585317564,239153.95184592705,11.974960207068719
353,41264.01066854804,11.395435364445358,75996.55477197008,64499.11915299525,83972.29471837905,464621.8094758658,65992.87434579607,34999.78054350277,174233.17855344966,11.395435364445358
354,41170.26390802857,11.343294787751772,75995.16435327305,66367.58999331502,83900.74741698711,2978.150801990921,65999.04988749539,34998.657793735205,1116.8065507465956,11.343294787751772
355,42650.74575544353,14.202201472193808,75999.67166899427,64652.681408727054,85030.64759012734,306798.33365752065,65999.99242645691,34998.55951301733,115049.37512157024,14.202201472193808
356,41193.372432813245,11.355471118639816,75999.42384927321,64986.0403300972,83918.3837873356,124613.95274203278,65998.85231910985,34999.69583360636,46730.232278262294,11.355471118639816
357,42098.98902677384,12.393232062614896,75999.71529583997,66151.25272796488,84609.54818634625,5344.1253032157565,65999.14479111246,34998.03373674754,2004.0469887059087,12.393232062614896
358,41894.45169934699,12.023392937750234,75999.37414579834,64893.46809825739,84453.4457916585,160038.72249489304,65998.49534807094,34999.704284082734,60014.520935584886,12.023392937750234
359,42501.6349024518,13.55725722073088,75998.95036264813,65732.15690405655,84916.84654696925,16588.161849935907,65998.41330039746,34999.938321848356,6220.560693725965,13.55725722073088
360,42646.97703651719,14.184050699477819,75999.00035790517,65615.97100020948,85027.77131293771,22707.726833961286,65999.92628278422,34998.44262748937,8515.397562735483,14.184050699477819
361,43516.41863042809,22.81688149392501,75998.61098974527,65007.047532233715,85691.32703921058,117735.94448805314,65999.91911247409,34998.29510388093,44150.979183019925,22.81688149392501
362,41876.66656869443,11.996305124735885,75998.69078764581,65905.44265631866,84439.87222286484,10384.864695539101,65999.7973467622,34995.38138841692,3894.324260827163,11.996305124735885
363,42850.13330614186,15.325699683866356,75999.24543836359,65325.11885436169,85182.81968764371,49838.71723059628,65999.8580781923,34999.60592453752,18689.518961473605,15.325699683866356
364,41413.0511322161,11.49511221103866,75997.98053363383,65311.611370487495,84086.04204057518,51691.78387152949,65996.88292611469,34998.48077880698,19384.418951823558,11.49511221103866
365,41351.27718651166,11.451064819779765,75998.49939257227,64917.88893330938,84038.89631429095,149816.84948764782,65999.89557434422,34998.71256462361,56181.318557867926,11.451064819779765
366,41454.34363698877,11.52692895551191,75998.32314626058,65023.964814445135,84117.55638056759,112473.9876490444,65999.3704574361,34996.37206486375,42177.745368391654,11.52692895551191
367,41610.22663145882,11.666595469150428,75999.40758517428,65691.03989967892,84236.52590575891,18537.88244703665,65999.13658076065,34999.95612481741,6951.705917638744,11.666595469150428
368,42759.56899588367,14.773398864552373,75998.49382277195,65263.1070197513,85113.70122461107,58932.43919560989,65999.70172597106,34998.18830662955,22099.664698353707,14.773398864552373
369,42550.181325056044,13.751531436985152,75998.21526022398,65608.61839845525,84953.89705954504,23163.485834372936,65997.62404355206,34999.5368129446,8686.30718788985,13.751531436985152
370,42085.26948016614,12.364697975459533,75999.79264053609,65089.00339318595,84599.07746148427,94343.46739952655,65999.57335030481,34999.23004690572,35378.80027482246,12.364697975459533
371,41819.046340566354,11.913373805893233,75997.16690357799,64874.567054699284,84395.89660381082,168426.5421413115,65996.17599163689,34997.466342815904,63159.95330299181,11.913373805893233
372,43086.62407721631,17.179713427892878,75998.46916524107,65496.600001363004,85363.30887341093,31353.615172450583,65998.06630443601,34998.73365727841,11757.605689668968,17.179713427892878
373,41177.020935169996,11.346811398512928,75999.92177847911,65246.88457184494,83905.90436379489,61573.78077747464,65997.78425622189,34994.62189378601,23090.16779155299,11.346811398512928
374,42275.941720038696,12.819429965287343,75999.94022844642,65858.59264284465,84744.59805481083,11786.691858852564,65998.66244806375,34999.4506644087,4420.009447069711,12.819429965287343
375,42042.237983747014,12.27893656359722,75998.85231689936,64790.84078783604,84566.23592726393,211196.06304918294,65996.72134691874,34999.75239123617,79198.5236434436,12.27893656359722
376,42215.31147558035,12.660427191647543,75997.55848825014,65310.26393506077,84698.32519855755,51880.37392613007,65999.50166469194,34998.541768792806,19455.140222298778,12.660427191647543
377,42305.844395726206,12.90336870918112,75999.88463514217,65053.679116952575,84767.41970473221,103794.50679855987,65999.7319469529,34999.32522343111,38922.940049459954,12.90336870918112
378,42287.80069484488,12.852266614121923,75996.02528223857,65439.902068652205,84753.64879576396,36545.83524474732,65999.70909605065,34998.90423540379,13704.688216780247,12.852266614121923
379,42368.61616721111,13.092383212608047,75998.54066606493,64985.509901045814,84815.32696924408,124792.72642525531,65997.87968564527,34999.63254391503,46797.27240947074,13.092383212608047
380,41271.102930406516,11.399688132375125,75998.97996640012,64804.32514003831,83977.70751551387,203637.757247107,65999.6907461511,34999.21472835011,76364.15896766512,11.399688132375125
381,41721.479528351054,11.788384272660071,75998.94297426313,65465.80862996081,84321.43384818346,34074.506667837864,65999.64461454298,34998.5336561954,12777.940000439197,11.788384272660071
382,42000.528030651956,12.200956092265233,75999.98603509009,65348.90771744779,84534.4029917193,46735.21326199033,65996.23423466546,34999.00078703232,17525.70497324637,12.200956092265233
383,42724.971039513955,14.581537597192742,75999.32935532405,64645.53053673175,85087.29614780401,312785.3958689542,65999.74022262488,34999.400498443756,117294.52345085783,14.581537597192742
384,41507.89129595337,11.57125256364198,75997.19599236763,65359.292056117185,84158.42382466426,45441.78842825311,65999.85411457656,34999.7495877645,17040.670660594915,11.57125256364198
385,40865.09659348469,11.21665516579392,75999.12256282213,64878.37029899553,83667.84445897926,166704.14665722943,65998.89200506132,34998.79489973137,62514.05499646104,11.21665516579392
386,41914.33250864299,12.054545274197888,75997.3471834334,66102.43756485081,84468.61877733537,6097.816502554122,65997.94723857622,34992.22590682539,2286.6811884577955,12.054545274197888
387,43659.360580078566,25.66007572099642,75997.66305759076,65613.27725486625,85800.41999022587,22873.65126999842,65999.9754339753,34994.7251504404,8577.619226249408,25.66007572099642
388,41723.48436698208,11.790771867548365,75999.50782276936,65481.02846913195,84322.96393618843,32701.298911619724,65999.84116802266,34997.5231704722,12262.987091857396,11.790771867548365
389,42822.39544667868,15.148459297990057,75999.88128911467,64452.093134222705,85161.65022024044,527590.8667450969,65999.45143601761,34998.996318703714,197846.57502941132,15.148459297990057
390,42051.170598131896,12.296284306451103,75999.40256232847,65202.37103851804,84573.05327700565,69445.54984424323,65999.97125737563,34999.74983211286,26042.081191591213,12.296284306451103
391,42873.82248795112,15.483052577146037,75999.84370371935,65074.45138983766,85200.89921403208,98127.90396847273,65996.7008530471,34998.62729765358,36797.963988177275,15.483052577146037
392,42057.58980358927,12.308895963137438,75999.31603564275,65242.20782368964,84577.95239911941,62357.004228386475,65995.13831000838,34999.80732156355,23383.876585644928,12.308895963137438
393,41418.86310741041,11.499471531569375,75999.01301522228,65095.31817772528,84090.4777260176,92746.97127405832,65999.10526370532,34994.27860569902,34780.11422777187,11.499471531569375
394,41885.46056057982,12.009608085427868,75998.64879270294,64781.205733439325,84446.58377624946,216767.9872445339,65998.1980488358,34999.98550587348,81287.9952167002,12.009608085427868
395,42951.82328358508,16.04275445727066,75999.09714062492,64847.26370183737,85260.4292330227,181325.28057844585,65998.98000987028,34999.74860238302,67996.98021691719,16.04275445727066
396,41592.654107236536,11.649159732564026,75999.88660970566,65203.35331975902,84223.11459767977,69261.42932585385,65999.05802183083,34999.75679475923,25973.035997195195,11.649159732564026
397,41663.20969196566,11.722052237445384,75999.37091185983,65619.99233130905,84276.96244967515,22462.26507017408,65999.86810756465,34998.82666111825,8423.34940131528,11.722052237445384
398,42095.15865083251,12.385206094989144,75999.73008118247,64669.355901378156,84606.62485267158,293279.0197626893,65995.934922244,34997.71864973019,109979.63241100848,12.385206094989144
399,42398.4939508801,13.188832375710344,75998.43923339367,65175.17021751373,84838.129621637,74743.23619377112,65999.46145183526,34999.1280450772,28028.713572664168,13.188832375710344
400,42552.830818985814,13.762549162198777,75999.72473770958,65513.176354619805,84955.91914691828,29979.9439228682,65999.6227788318,34996.8063294452,11242.478971075574,13.762549162198777
401,40984.9564772744,11.259586798501687,75999.92725075336,65115.76062843216,83759.32123303296,87761.69935588803,65999.15105145973,34999.95046434839,32910.63725845802,11.259586798501687
402,41923.08779042118,12.06856348331672,75998.29084776969,65541.58163524308,84475.3007872596,27764.482431429442,65998.32505261927,34998.13573486654,10411.680911786041,12.06856348331672
403,41750.49139500481,11.823648695202532,75997.58755666931,65114.16377985781,84343.57563480004,88141.28041870506,65999.30844664315,34999.782701828495,33052.9801570144,11.823648695202532
404,42831.967209092014,15.208785217713283,75996.21973839642,65199.51703889068,85168.95536621501,69983.29022885374,65999.73097648156,34998.870520162316,26243.733835820156,15.208785217713283
405,41895.12365526232,12.024430680643256,75997.08188753907,66021.98048922817,84453.95862679146,7579.007939808143,65998.98999977205,34998.50279384064,2842.127977428054,12.024430680643256
406,42437.10353496668,13.320082874177114,75998.28963294365,65063.3386152759,84867.59636303641,101119.83473889869,65997.14349423471,34998.78735230064,37919.93802708701,13.320082874177114
407,42313.89992126302,12.9266359192436,75996.62405041377,64809.21059372526,84773.56766238174,200966.61239373244,65999.9364370194,34999.291312475194,75362.47964764967,12.9266359192436
408,41410.45035712935,11.493173820094178,75999.93603470534,64593.0847893226,84084.05713530537,360417.3200567967,65999.70397880633,34998.877231240804,135156.49502129876,11.493173820094178
409,42545.465164580615,13.732028240629056,75999.77329218727,65150.87441456988,84950.29769725158,79815.92570284264,65998.32972069723,34999.47531778147,29930.97213856599,13.732028240629056
410,41925.638663700716,12.072682669484282,75999.24329517731,66731.44535123162,84477.24760759059,1113.9471652592083,65999.70197874751,34994.95159340222,417.7301869722031,12.072682669484282
411,42553.14970111314,13.763878180957263,75999.04832801154,65173.37566781142,84956.16251698832,75106.63147520812,65999.56832332248,34998.90337752216,28164.986803203046,13.763878180957263
412,42885.27381248428,15.561156345531707,75998.2194715485,64868.31377432843,85209.63883728061,171297.2687260536,65994.41182634882,34995.5343640483,64236.475772270096,15.561156345531707
413,40721.3670907257,11.174429458657553,75999.3815574821,65951.80756679249,83558.15044933213,9161.765126845119,65997.85382765718,34998.24259059178,3435.6619225669197,11.174429458657553
414,43729.42284894876,27.29409016114719,75999.2079021351,64673.47796669104,85853.89134474822,290029.8140305545,65999.6934594893,34998.818219091445,108761.18026145794,27.29409016114719
415,42706.40616216724,14.482640886195986,75999.69976737384,66921.47667738551,85073.12747821512,666.5177777885302,65999.18863120332,34998.95776842175,249.94416667069882,14.482640886195986
416,41537.18473196092,11.59705819719088,75999.66018055826,65249.56701440566,84180.78050433217,61128.99468884871,65998.92761817068,34998.28039576096,22923.373008318264,11.59705819719088
417,42961.98002826696,16.120601054780924,75999.48700898836,65075.485557014654,85268.18083605291,97854.01486604754,65999.82911380124,34999.303987257575,36695.25557476783,16.120601054780924
418,42579.5963152242,13.876355794711042,75998.07119464662,66214.93598593869,84976.34650905497,4499.116166200402,65999.69321905643,34999.86602215286,1687.1685623251508,13.876355794711042
419,41238.711505219944,11.380630363255163,75999.50343876221,65304.30641930341,83952.98645798083,52722.48162500785,65998.57105530382,34999.73463651993,19770.93060937794,11.380630363255163
420,42160.28909533997,12.528191328941706,75999.87148322679,65310.05788588072,84656.33225074211,51909.273616969724,65999.33498223253,34998.97206318068,19465.977606363645,12.528191328941706
421,42104.44554901346,12.404745744330313,75999.53344641291,65665.14128316184,84613.71259095144,19881.95624595818,65999.018999675,34998.78088960283,7455.733592234316,12.404745744330313
422,42704.45558418682,14.472409846206656,75999.58411166715,66371.4159480482,85071.63880180774,2947.5141481317733,65999.9352826968,34999.813470206966,1105.317805549415,14.472409846206656
423,43346.028601415805,20.138813917351772,75999.23561194103,65196.64829696726,85561.28578026606,70528.00458406366,65999.65430186909,34999.04071614134,26448.001719023872,20.138813917351772
424,41018.45267713651,11.273038634106316,75999.6224168442,64762.254234418455,83784.88545193225,228160.16627154133,65999.19112845538,34999.54000307611,85560.06235182799,11.273038634106316
425,41271.332341410925,11.399826456238614,75997.35190894136,64694.4110156718,83977.8826014388,274076.6787368386,65999.93245381427,34997.24651186606,102778.75452631449,11.399826456238614
426,42039.16185661592,12.273016414494066,75999.4997391926,65868.90729620623,84563.88823446102,11462.646805129642,65999.99826791418,34999.832201501034,4298.492551923616,12.273016414494066
427,41996.17592699929,12.193098523317843,75997.04904488676,64631.50761488251,84531.08147671439,324867.40288786025,65998.09285416569,34989.535761826286,121825.2760829476,12.193098523317843
428,41861.086400896675,11.97316540428455,75998.84651117392,65335.28107053722,84427.98147640078,48488.50149589488,65998.2311683999,34999.794666002046,18183.18806096058,11.97316540428455
429,41670.76945939122,11.730332457314917,75999.56213497305,65018.68455806074,84282.73204593055,114090.60771389244,65999.81482480535,34998.95605147267,42783.97789270966,11.730332457314917
430,41325.969081483716,11.434171210100653,75998.81819688322,64644.4031044783,84019.58122960899,313739.9422571487,65998.24077997735,34999.875689648325,117652.47834643075,11.434171210100653
431,41983.43854787605,12.17039581029428,75998.71960745582,65129.39217867454,84521.36033970631,84587.21665023449,65996.95858622172,34999.4739485873,31720.206243837933,12.17039581029428
432,42176.28049869785,12.565499060910996,75997.64379260073,66631.66270811216,84668.53685119323,1458.7684198247364,65998.80481508924,34999.40430032104,547.0381574342761,12.565499060910996
433,41595.97213140995,11.65241663515681,75999.8874500178,65178.02553621219,84225.64690572162,74168.65673136825,65998.3257921725,34997.298473015944,27813.246274263092,11.65241663515681
434,42721.118104903886,14.560784337816681,75997.15234275765,65557.78359526774,85084.35559740779,26574.935903852784,65999.60702561386,34999.126479469676,9965.600963944793,14.560784337816681
435,41324.43301666675,11.433166469302906,75998.30791004848,65311.64587513336,84018.40890864763,51686.96353765549,65998.11174008308,34999.468455282935,19382.611326620805,11.433166469302906
436,43161.009644755315,17.913439879145834,75997.1816924103,64747.17520340926,85420.07975904402,237650.7131359847,65998.79849394615,34998.04763663327,89119.01742599426,17.913439879145834
437,42404.980397298,13.210351866862496,75999.67840972707,64942.546426100336,84843.08006188957,140158.18424632194,65998.69198866175,34999.837440242445,52559.31909237072,13.210351866862496
438,42353.735930785086,13.045945262879759,75998.22874659358,64738.73886646086,84803.97040871381,243131.61312318375,65998.82422145775,34998.66824345019,91174.35492119391,13.045945262879759
439,41583.47490987813,11.640234083051613,75999.53020628271,65110.009777781444,84216.10905640775,89136.4212372257,65998.6574067156,34996.5866955028,33426.15796395964,11.640234083051613
440,41857.03280722139,11.967233605903544,75999.2164974494,65565.51869591296,84424.88778349024,26025.135861476097,65999.60597661565,34998.096071484324,9759.425948053537,11.967233605903544
441,41548.18435931156,11.60704643128692,75999.61579862684,65152.3361607068,84189.17539338107,79501.22175426898,65999.11044753647,34999.82027004325,29812.958157850866,11.60704643128692
442,41492.73023413715,11.558337750415765,75999.3783847277,64867.03448764518,84146.8529388739,171890.55951138685,65999.08334029358,34999.863164229566,64458.95981677007,11.558337750415765
443,40302.29605442695,11.092706389841258,75999.23034648862,64419.6815459067,83238.31644576175,575891.9159040439,65998.71168785643,34998.67012420553,215959.46846401648,11.092706389841258
444,41790.230123429494,11.874525845382554,75997.76297657107,64922.91347714409,84373.90413643337,147796.11112759754,65999.91304680487,34998.91915404684,55423.54167284908,11.874525845382554
445,42132.573339302544,12.465624372607248,75999.50605654923,65525.922307591514,84635.17965262005,28964.76527132072,65999.46542409752,34999.965613945285,10861.78697674527,12.465624372607248
446,42381.299902984894,13.132797573293287,75998.54376852058,64748.92988398678,84825.00716577731,236526.35134411987,65997.22283736676,34996.867301457,88697.38175404495,13.132797573293287
447,40380.57995603337,11.104325171136924,75999.56570867632,66134.194434206,83298.06253054734,5596.276019769403,65997.92525046109,34995.34631913191,2098.6035074135266,11.104325171136924
448,42491.53880543395,13.518610566610656,75999.73411666472,64833.892110030785,84909.14123008987,187998.1243544384,65999.18520875135,34999.28016775003,70499.2966329144,13.518610566610656
449,41592.982595266905,11.649481443026469,75998.27411446223,65645.30176690994,84223.36529895182,20977.132446660016,65999.54289734915,34996.12069599204,7866.424667497507,11.649481443026469
450,41951.35769937409,12.11511170920798,75999.67082722281,65589.53493088465,84496.87631354947,24389.533655819727,65999.53102088744,34995.537584108875,9146.075120932399,12.11511170920798
451,41553.80052120193,11.612210460809385,75999.77899861192,66019.9707848855,84193.46163458246,7620.286335228459,65999.38963094776,34997.783965023664,2857.607375710672,11.612210460809385
452,41161.34549505376,11.338707842508033,75999.28094675104,64798.37641155035,83893.9409057273,206938.23357529956,65998.09320481027,34999.90894184823,77601.83759073733,11.338707842508033
453,41905.83199616704,12.041110954522642,75998.55909897503,65542.90131913252,84462.13120672779,27665.630877409072,65999.82034708376,34998.75840786749,10374.611579028402,12.041110954522642
454,42922.73412641616,15.826286848458954,75999.83970378223,64743.842112042534,85238.22845847147,239801.22688945368,65999.07507524887,34998.75872461695,89925.46008354514,15.826286848458954
455,42026.43399219691,12.248810916285137,75999.62034587341,64511.01050247209,84554.17435905224,449926.8344094702,65998.60442421414,34999.39145021086,168722.56290355133,12.248810916285137
456,41551.79499999985,11.610361371924006,75999.18601315061,65921.51759230811,84191.93102564091,9943.346713134091,65999.82795018221,34996.8245885351,3728.755017425284,11.610361371924006
457,41273.36739720696,11.401055595289336,75998.84997099859,65458.54934392702,83979.43575111119,34749.63928356776,65997.84581066332,34998.07507901224,13031.114731337912,11.401055595289336
458,42524.690428423026,13.647748973247126,75999.69617831054,64710.52129209238,84934.44246875121,262399.10048094083,65997.21799933749,34997.6963497357,98399.66268035282,13.647748973247126
459,41853.74848132016,11.9624540356606,75999.96838671439,64988.828815413544,84422.38119388839,123678.3363565249,65999.4969231304,34999.78892145645,46379.37613369684,11.9624540356606
460,42905.96500903881,15.705747421071663,75999.7383431334,64702.73622609529,85225.43030855752,267978.65931802563,65999.4952906536,34998.68974246666,100491.9972442596,15.705747421071663
461,42109.861411727834,12.416267717685614,75999.86086462201,65846.1546907874,84617.8459643051,12189.649293786166,65999.55605973753,34999.238019385666,4571.118485169813,12.416267717685614
462,41890.494624481034,12.017303071298365,75994.31826845321,65042.697841545545,84450.4257616703,106921.2060394489,65997.98690945479,34999.510771036534,40095.45226479333,12.017303071298365
463,42937.9753313628,15.938519778557108,75998.30584182782,65570.0257548907,85249.86050930555,25710.040445744304,65999.24273253935,34999.84262808897,9641.265167154115,15.938519778557108
464,41030.42340681298,11.27801322965787,75997.15365969818,64848.52891813607,83794.02148393268,180706.2970563654,65998.77083329373,34996.50738231601,67764.86139613703,11.27801322965787
465,41391.30489032413,11.479136087377148,75998.25350697781,64877.33606780763,84069.44536124285,167170.7731844311,65998.3030712826,34996.010129607515,62689.03994416166,11.479136087377148
466,42031.51326204406,12.258414848367334,75999.64613337045,65023.27462503956,84558.05084554193,112683.98981873045,65998.46299791758,34993.71226211653,42256.49618202392,12.258414848367334
467,42131.80188921884,12.463920000814554,75999.31863809028,64661.94966154068,84634.59088377788,299208.6949038526,65999.51074932372,34999.516434570905,112203.26058894473,12.463920000814554
468,42979.36651826842,16.25665972884948,75999.92771972185,64752.317777031334,85281.45016326368,234370.49054795923,65998.80943388559,34999.57685587731,87888.93395548471,16.25665972884948
469,42089.770416688734,12.373994077831576,75997.0748301626,64783.23557816558,84602.51256537632,215582.03964873133,65998.96409120156,34999.67752982768,80843.26486827424,12.373994077831576
470,42018.63931065703,12.234215008733049,75999.10213422308,65416.83020409376,84548.2254769117,38897.25270614637,65999.83225912563,34996.44371414442,14586.46976480489,12.234215008733049
471,41571.59527336507,11.628864530354766,75997.58609049523,64482.165384220956,84207.04254648979,486406.5313010256,65998.14769026471,34999.539672944935,182402.4492378846,11.628864530354766
472,41171.17803318176,11.34376843909264,75999.0155599912,65211.01015119991,83901.44507509799,67842.85241669252,65999.87716716973,34997.82506047141,25441.069656259697,11.34376843909264
473,41093.59004565953,11.305803477833786,75997.00624408381,65523.81161167418,83842.23011026203,29130.46938222518,65998.06141315275,34995.728611462364,10923.926018334441,11.305803477833786
474,42314.74421999803,12.929090960636717,75998.34551561422,65368.255817559235,84774.21202913877,44354.126543600716,65999.88515982729,34999.31772337455,16632.797453850268,12.929090960636717
475,42623.35783566979,14.07261642314429,75998.83764647398,64888.00520155334,85009.74519585056,162419.15775349367,65998.75936653565,34993.40347352985,60907.18415756012,14.07261642314429
476,42826.14897738318,15.172012134778203,75999.65942612042,64419.21426435205,85164.51490581581,576619.6825796076,65999.02085914084,34999.36756844385,216232.38096735286,15.172012134778203
477,43212.139488246525,18.467693962172625,75998.35101100619,65602.53453936582,85459.10193220625,23547.508407670757,65999.10541898303,34997.59915795042,8830.315652876534,18.467693962172625
478,42125.95410606939,12.451064730765497,75999.73676412174,64808.592305035076,84630.12786979052,201302.71850160198,65998.18449018605,34998.611091809886,75488.51943810075,12.451064730765497
479,43318.477780843394,19.766834778115694,75998.64658006674,65113.006274477084,85540.25906049284,88417.4527389318,65999.45471890805,34998.94406366793,33156.54477709943,19.766834778115694
480,40777.03083598083,11.18970643436932,75999.88329525117,65339.274894893744,83600.63288537903,47967.92543252402,65999.08274394678,34997.16512278413,17987.972037196505,11.18970643436932
481,42217.244889452384,12.665276329479626,75999.51435818334,65316.79150680046,84699.80077535883,50973.12235509685,65998.87437869627,34998.80728173439,19114.920883161318,12.665276329479626
482,40585.22240433144,11.1420492710364,75998.57701807497,64665.43737528374,83454.24515323034,296401.5292513063,65998.83678112495,34997.0912855962,111150.57346923988,11.1420492710364
483,41649.76066414303,11.70755288615298,75997.6693953177,64721.47418470031,84266.6981840971,254745.29849511976,65997.76697195352,34996.225615754425,95529.4869356699,11.70755288615298
484,42519.9436478998,13.628859985581375,75998.89777378624,64615.41317993391,84930.81973731116,339310.4875886034,65997.84554809735,34999.26893380767,127241.43284572626,13.628859985581375
485,41635.69250711735,11.692697528959581,75999.74127091777,64917.79323880609,84255.96140060539,149855.6021988063,65998.90058796083,34999.63711588678,56195.850824552355,11.692697528959581
486,42209.330249335326,12.645515084108734,75997.25478943957,65338.32449576571,84693.76034112168,48091.29644673663,65998.78717322077,34998.99051145356,18034.23616752624,12.645515084108734
487,42800.38888508755,15.01302215157982,75998.14788934033,67408.7549184833,85144.85486554193,178.59105682686513,65999.04175626683,34999.29346060127,66.97164631007442,15.01302215157982
488,41728.27660831755,11.79650836591047,75999.42942866571,64647.904247826445,84326.62136321068,310785.1644087544,65999.32367970716,34998.99554933357,116544.4366532829,11.79650836591047
489,41695.77065712779,11.758398557295312,75997.90158793372,66058.92789042526,84301.81289970838,6858.744938048126,65999.17826599049,34998.45573163039,2572.029351768047,11.758398557295312
490,41420.70818548717,11.500863458393061,75998.85920386968,65272.02036957095,84091.88588515311,57529.71257377656,65999.05001270563,34998.41841920321,21573.642215166212,11.500863458393061
491,41908.36738758548,12.045099909783954,75999.6697402933,65215.728470989685,84464.06621133974,66983.19862738665,65997.37907120878,34997.139321530696,25118.699485269994,12.045099909783954
492,42367.0914612339,13.087576872248242,75998.63360597928,64970.752339062994,84814.1633173218,129870.71752363097,65999.4307207689,34998.946321705196,48701.51907136162,13.087576872248242
493,42470.804920640025,13.441065341212909,75996.5012557829,65075.611437104366,84893.31717925167,97820.72898216719,65998.56571304164,34999.6532717998,36682.77336831269,13.441065341212909
494,41786.23013252529,11.869265567379152,75999.55563675691,65178.73698156975,84370.85135302835,74026.18038488647,65996.52827127496,34998.96764968907,27759.817644332423,11.869265567379152
495,42775.86174576902,14.867276197377702,75999.8389566246,65305.15165043692,85126.13581200471,52602.17940350268,65997.1334901422,34999.8564631293,19725.817276313508,14.867276197377702
496,42915.62592799449,15.774819341555553,75998.24892751742,65051.259808326526,85232.80349859006,104475.40870114288,65999.2553409951,34999.25158063812,39178.27826292858,15.774819341555553
497,41894.98540580454,12.024217087549658,75999.97414703829,65344.839883835724,84453.8531151389,47251.86181897088,65998.63735842587,34997.71898676131,17719.44818211408,12.024217087549658
498,42897.01689552268,15.642663430310012,75997.08573276333,64431.12805891751,85218.60112991625,558348.5871225862,65999.20233521362,34995.09228481744,209380.72017096984,15.642663430310012
499,41357.04030209481,11.455002783160387,75997.7160429724,65141.68409629221,84043.29471019603,81823.27616308679,65999.09514831021,34999.534384652085,30683.728561157543,11.455002783160387
